title:BPM=RT
author:t+pazolite
bgm:00-04-BPM=RT.mp3
bgmvol:0.5
bpm:245.25
offset:262

path:

0 M 0,0 100,100
1 M 0,0 C 45,0 85,65 100,100
2 M 0,0 C 15,35 55,100 100,100
3 M 0,0 v 12.5 h 12.5 v 12.5 h 12.5 v 12.5 h 12.5 v 12.5 h 12.5 v 12.5 h 12.5 v 12.5 h 12.5 v 12.5 h 12.5 v 12.5 h 12.5

score:

(path 1)(speed 5)
(1 2 -1)
(2 3 -0.5)
(2 4 0)
(1 6 1)
(1 5 2)
(1 4 3)
(2 3 5)
(1 2 6)
(1 3 7)
(1 6 9)

(path 2)(speed 2)

(y 1 0 0 -20)
(y 2 0.25 0 -20)
(y 3 0.5 0 -20)
(y 4 0.75 0 -20)
(y 5 1 0 -20)
(y 6 1.25 0 -20)
(y 7 1.5 0 -20)
(dy 1 6 0 15)
(dy 2 6.25 0 10)
(dy 3 6.5 0 5)
(dy 4 6.75 0 0)
(dy 5 7 0 -5)
(dy 6 7.25 0 -10)
(dy 7 7.5 0 -15)
(path 1,1)(speed 10)
(z ~ 19 -70 600)
(a ~ 19 1 0)
